state={
	id=761
	name="STATE_761"
	provinces={
		1776 4745 4852 7697 7743 10541 10567 10612 10638 12537 12690 13150 1551 1608 1796 1811 1871 4222 4555 7578 7648 10363 10372 12348 12448 12554 828 952 1137 1489 1590 4495 4612 6904 7545 7674 9776 10397 11752 2087 4525 7048 7158 7631 10424 10629 12331 12403 12609 12880	1959 3427 4960 4986 10451 10854 12706 3742 5031 5057 5100 7511 8055 8081 8127 10724 12327 12750 12776 1778 2028 4783 5076 7727 7803 7971 8102 10770 10899 12596 12820 
	}
	victory_points = {
		11752 4
	}
	manpower=21456798	
	buildings_max_level_factor=1.000
	state_category = town
	history={
		owner = CPR
		add_core_of = CHI
		add_claim_by = CHI
		add_core_of = CPR
		
		buildings = {
			infrastructure = 2

		}

	}

	local_supplies=0.0 
}
